0.0000000000000000e+00 1.0000000000000001e-01
5.8597502401536977e-03 1.0018070470736914e-01
1.1719500480307395e-02 1.0072238344025967e-01
1.7579250720461095e-02 1.0162373108004608e-01
2.3439000960614794e-02 1.0288257592324186e-01
2.9298751200768493e-02 1.0449588491399354e-01
3.5158501440922189e-02 1.0645977095191352e-01
4.1018251681075889e-02 1.0876950225764459e-01
4.6878001921229588e-02 1.1141951377359073e-01
5.2737752161383288e-02 1.1440342057234509e-01
5.8597502401536987e-02 1.1771403324050918e-01
6.4457252641690679e-02 1.2134337520083749e-01
7.0317002881844379e-02 1.2528270193097157e-01
7.6176753121998078e-02 1.2952252203245809e-01
8.2036503362151778e-02 1.3405262009928726e-01
8.7896253602305477e-02 1.3886208133085209e-01
9.3756003842459176e-02 1.4393931783002656e-01
9.9615754082612876e-02 1.4927209652299964e-01
1.0547550432276658e-01 1.5484756863359561e-01
1.1133525456292027e-01 1.6065230064106531e-01
1.1719500480307397e-01 1.6667230664675850e-01
1.2305475504322767e-01 1.7289308207169360e-01
1.2891450528338136e-01 1.7929963860383361e-01
1.3477425552353506e-01 1.8587654031086678e-01
1.4063400576368876e-01 1.9260794083148156e-01
1.4649375600384246e-01 1.9947762155552781e-01
1.5235350624399616e-01 2.0646903070107275e-01
1.5821325648414986e-01 2.1356532319419977e-01
1.6407300672430356e-01 2.2074940125546388e-01
1.6993275696445725e-01 2.2800395559521472e-01
1.7579250720461095e-01 2.3531150711853147e-01
1.8165225744476465e-01 2.4265444903928610e-01
1.8751200768491835e-01 2.5001508930186500e-01
1.9337175792507205e-01 2.5737569320833886e-01
1.9923150816522575e-01 2.6471852614837460e-01
2.0509125840537945e-01 2.7202589632893642e-01
2.1095100864553315e-01 2.7928019740082272e-01
2.1681075888568685e-01 2.8646395087933529e-01
2.2267050912584055e-01 2.9355984825687226e-01
2.2853025936599425e-01 3.0055079270597856e-01
2.3439000960614795e-01 3.0741994027237535e-01
2.4024975984630165e-01 3.1415074045871783e-01
2.4610951008645535e-01 3.2072697610129891e-01
2.5196926032660905e-01 3.2713280244362014e-01
2.5782901056676272e-01 3.3335278531268614e-01
2.6368876080691639e-01 3.3937193830604112e-01
2.6954851104707006e-01 3.4517575889994800e-01
2.7540826128722373e-01 3.5075026339171289e-01
2.8126801152737740e-01 3.5608202059196359e-01
2.8712776176753108e-01 3.6115818418570506e-01
2.9298751200768475e-01 3.6596652368418031e-01
2.9884726224783842e-01 3.7049545389296268e-01
3.0470701248799209e-01 3.7473406282527788e-01
3.1056676272814576e-01 3.7867213799330235e-01
3.1642651296829943e-01 3.8230019101409163e-01
3.2228626320845311e-01 3.8560948047085314e-01
3.2814601344860678e-01 3.8859203297448175e-01
3.3400576368876045e-01 3.9124066237461241e-01
3.3986551392891412e-01 3.9354898707390273e-01
3.4572526416906779e-01 3.9551144540382865e-01
3.5158501440922146e-01 3.9712330902494719e-01
3.5744476464937514e-01 3.9838069431933865e-01
3.6330451488952881e-01 3.9928057174778064e-01
3.6916426512968248e-01 3.9982077314910830e-01
3.7502401536983615e-01 3.9982077314910830e-01
3.8088376560998982e-01 3.9982077314910830e-01
3.8674351585014349e-01 3.9982077314910830e-01
3.9260326609029716e-01 3.9982077314910830e-01
3.9846301633045084e-01 3.9982077314910830e-01
4.0432276657060451e-01 3.9982077314910830e-01
4.1018251681075818e-01 3.9982077314910830e-01
4.1604226705091185e-01 3.9982077314910830e-01
4.2190201729106552e-01 3.9982077314910830e-01
4.2776176753121919e-01 3.9982077314910830e-01
4.3362151777137287e-01 3.9982077314910830e-01
4.3948126801152654e-01 3.9982077314910830e-01
4.4534101825168021e-01 3.9982077314910830e-01
4.5120076849183388e-01 3.9982077314910830e-01
4.5706051873198755e-01 3.9982077314910830e-01
4.6292026897214122e-01 3.9982077314910830e-01
4.6878001921229490e-01 3.9982077314910830e-01
4.7463976945244857e-01 3.9982077314910830e-01
4.8049951969260224e-01 3.9982077314910830e-01
4.8635926993275591e-01 3.9982077314910830e-01
4.9221902017290958e-01 3.9982077314910830e-01
4.9807877041306325e-01 3.9982077314910830e-01
5.0393852065321698e-01 3.9991835580215429e-01
5.0979827089337071e-01 3.9949492777670226e-01
5.1565802113352444e-01 3.9871130725555615e-01
5.2151777137367816e-01 3.9756938229094202e-01
5.2737752161383189e-01 3.9607190423241417e-01
5.3323727185398562e-01 3.9422248109776403e-01
5.3909702209413934e-01 3.9202556887987633e-01
5.4495677233429307e-01 3.8948646081047694e-01
5.5081652257444680e-01 3.8661127460664135e-01
5.5667627281460053e-01 3.8340693773079082e-01
5.6253602305475425e-01 3.7988117069969163e-01
5.6839577329490798e-01 3.7604246848267175e-01
5.7425552353506171e-01 3.7190008003387531e-01
5.8011527377521543e-01 3.6746398600786823e-01
5.8597502401536916e-01 3.6274487471228833e-01
5.9183477425552289e-01 3.5775411635547832e-01
5.9769452449567662e-01 3.5250373565115045e-01
6.0355427473583034e-01 3.4700638284608820e-01
6.0941402497598407e-01 3.4127530324069072e-01
6.1527377521613780e-01 3.3532430527579810e-01
6.2113352545629152e-01 3.2916772726268756e-01
6.2699327569644525e-01 3.2282040283640268e-01
6.3285302593659898e-01 3.1629762521565030e-01
6.3871277617675271e-01 3.0961511035537975e-01
6.4457252641690643e-01 3.0278895908082193e-01
6.5043227665706016e-01 2.9583561829422383e-01
6.5629202689721389e-01 2.8877184134774653e-01
6.6215177713736761e-01 2.8161464767800376e-01
6.6801152737752134e-01 2.7438128179949794e-01
6.7387127761767507e-01 2.6708917175575392e-01
6.7973102785782880e-01 2.5975588712825914e-01
6.8559077809798252e-01 2.5239909670438260e-01
6.9145052833813625e-01 2.4503652590626712e-01
6.9731027857828998e-01 2.3768591408326692e-01
7.0317002881844370e-01 2.3036497177082801e-01
7.0902977905859743e-01 2.2309133801879369e-01
7.1488952929875116e-01 2.1588253789194606e-01
7.2074927953890489e-01 2.0875594024518396e-01
7.2660902977905861e-01 2.0172871587507138e-01
7.3246878001921234e-01 1.9481779614858710e-01
7.3832853025936607e-01 1.8803983220875559e-01
7.4418828049951979e-01 1.8141115485544748e-01
7.5004803073967352e-01 1.7494773519801454e-01
7.5590778097982725e-01 1.6866514617456069e-01
7.6176753121998098e-01 1.6257852503056597e-01
7.6762728146013470e-01 1.5670253684726640e-01
7.7348703170028843e-01 1.5105133920766406e-01
7.7934678194044216e-01 1.4563854808530241e-01
7.8520653218059588e-01 1.4047720503799221e-01
7.9106628242074961e-01 1.3557974578553347e-01
7.9692603266090334e-01 1.3095797024714051e-01
8.0278578290105707e-01 1.2662301411076243e-01
8.0864553314121079e-01 1.2258532200280030e-01
8.1450528338136452e-01 1.1885462232286512e-01
8.2036503362151825e-01 1.1543990380420943e-01
8.2622478386167197e-01 1.1234939385630872e-01
8.3208453410182570e-01 1.0959053874177303e-01
8.3794428434197943e-01 1.0716998563535106e-01
8.4380403458213316e-01 1.0509356660825302e-01
8.4966378482228688e-01 1.0336628457638107e-01
8.5552353506244061e-01 1.0199230124632348e-01
8.6138328530259434e-01 1.0097492708815474e-01
8.6724303554274806e-01 1.0031661335920197e-01
8.7310278578290179e-01 1.0001894619799516e-01
8.7896253602305552e-01 1.0000000000000001e-01
8.8482228626320925e-01 1.0000000000000001e-01
8.9068203650336297e-01 1.0000000000000001e-01
8.9654178674351670e-01 1.0000000000000001e-01
9.0240153698367043e-01 1.0000000000000001e-01
9.0826128722382415e-01 1.0000000000000001e-01
9.1412103746397788e-01 1.0000000000000001e-01
9.1998078770413161e-01 1.0000000000000001e-01
9.2584053794428534e-01 1.0000000000000001e-01
9.3170028818443906e-01 1.0000000000000001e-01
9.3756003842459279e-01 1.0000000000000001e-01
9.4341978866474652e-01 1.0000000000000001e-01
9.4927953890490024e-01 1.0000000000000001e-01
9.5513928914505397e-01 1.0000000000000001e-01
9.6099903938520770e-01 1.0000000000000001e-01
9.6685878962536143e-01 1.0000000000000001e-01
9.7271853986551515e-01 1.0000000000000001e-01
9.7857829010566888e-01 1.0000000000000001e-01
9.8443804034582261e-01 1.0000000000000001e-01
9.9029779058597633e-01 1.0000000000000001e-01
9.9615754082613006e-01 1.0000000000000001e-01
